# Microsat Genotypes NSW White Shark
Cca1419
Cca83
Cca1536
Ccar1273
Ccar1
Cca711
Cca1072
Ccar6_27x
Cca1466
Cca1276
Cca1226
Iox10
Ccar9
Ccar13
CcSA1
CcSA2
CcSA5
CaSA3
CcSA4
Pop
MBB1162 , 174180 202210 242242 179179 158158 172176 197211 172172 244244 188190 160160 119125 224238 280292 088094 108112 123123 110110 118118
MBB1186 , 174180 198210 242246 179179 158166 172174 197197 172180 244244 166172 154160 125125 216220 280290 088094 108112 123123 108110 118118
MBB1323 , 174180 198214 242258 179185 158166 176176 207207 172180 242244 166170 160160 119123 220220 292294 088088 108112 123123 110110 118120
MBB1337 , 174180 198202 256256 179179 158160 176184 213213 172176 244244 170172 154160 119123 220232 292292 084088 108112 123123 108110 118120
MBB1359 , 174180 206210 250256 179179 158160 172176 197205 172172 244244 172172 154160 119127 220226 274292 088088 108112 123123 110110 118118
MBB1367 , 174180 206206 242258 179179 158170 176184 199209 172176 244244 166172 160160 123123 224232 290292 088088 112112 123123 110110 118120
MBB1377 , 174180 206210 250258 179185 158160 174176 207213 172176 244244 170172 160160 123125 222224 288292 088088 108112 123123 110110 118118
MBB1380 , 174180 186198 236242 179185 160164 174174 207211 172172 244244 170170 160160 119125 224234 274292 084088 112112 123123 108110 118118
MBB1381 , 174180 202206 242250 179179 158160 172176 205207 172172 244244 164172 160160 119125 220234 274292 088094 112112 123123 110110 118118
MBB1386 , 174180 202206 250256 179185 158166 172176 197207 172172 244244 164168 154160 127127 226234 280292 088088 108112 123123 110110 118118
MBB1393 , 174180 202206 242256 179179 166166 174176 207209 172176 244244 166170 160160 123125 220220 274292 088088 108112 123123 110110 118120
MBB1407 , 174180 202214 236256 179179 152160 176176 197213 172172 244244 172188 160162 123125 220222 274286 088088 108112 123123 110110 114118
MBB1474 , 174180 202210 236246 179179 158160 172182 207207 172180 242244 164170 160160 119123 214222 274288 088094 112112 123123 110110 114118
MBB1481 , 174180 186202 250250 179179 166168 174174 211213 172172 242244 166172 160160 125127 220240 292296 088088 108114 123123 110110 118118
MBB1487 , 176180 198206 242246 179185 166166 176182 199213 172176 242244 170172 160160 125125 220224 274290 088088 112112 123123 108110 112118
MBB1490 , 174180 186206 256258 179185 158160 174176 207211 172172 244244 172186 160160 119127 220220 286288 088088 112112 123123 108110 114118
MBB1496 , 176180 206214 250250 185185 158166 174176 197211 172180 244244 162170 160160 123129 220220 280290 088088 112112 123123 110110 118122
MBB1506 , 174180 198206 242250 179179 158168 176186 209211 172180 244244 168170 160160 127129 220234 286292 088094 108112 123123 110110 114120
MBB1515 , 174180 202210 250256 179179 158166 172174 211213 172172 242244 166168 160160 125125 220238 274296 088088 108112 123123 110110 118118
MBB1525 , 174180 210210 250258 179185 158158 176176 209211 172172 242244 164184 154160 125125 220238 286292 088088 112112 123123 108110 120120
MBB1526 , 174180 202202 242258 179185 166168 182184 209213 172180 244244 170172 154160 123127 214220 292292 088094 108112 123123 108110 118118
Pop
MBB1158 , 174180 186210 246250 000000 158158 176182 207213 172172 244244 170172 154160 123125 222222 280290 088094 112112 123123 108110 118118
MBB1190 , 174180 198206 236242 179185 158158 176184 211213 172172 244244 166172 160160 119125 220226 280292 088088 112114 123123 108110 118120
MBB1327 , 174180 206214 250256 185185 166170 172176 197213 172172 244244 172172 160160 119123 214220 280290 088088 108112 123123 108110 118118
MBB1328 , 174180 202210 242250 179179 158170 172176 197213 172180 242244 170172 160160 125125 224238 274292 088088 112112 123123 108110 118120
MBB1332 , 174180 186202 246250 179185 158158 176182 197207 172172 244244 164170 154160 123125 220222 280290 088088 108112 123123 108110 118118
MBB1334 , 176180 202206 250256 179185 158170 172176 211213 176180 244244 170170 160160 125127 220222 280292 088088 108112 123123 108110 118120
MBB1335 , 176180 210214 246250 179185 158158 172174 197211 172180 242244 164172 160160 123125 222234 292292 088088 108112 123123 108110 114118
MBB1343 , 174180 202206 236250 179179 160168 174176 197211 172180 242244 158166 160160 125125 220222 274292 088088 108112 123123 108110 114118
MBB1349 , 176180 202210 246250 179179 160166 176176 197213 172180 244244 168170 160160 123125 220244 290292 088088 108112 123123 110110 118118
MBB1352 , 176180 210210 242250 179179 158166 176176 197205 172176 244244 176178 154160 119125 220220 274292 084088 108112 123123 110110 118120
MBB1358 , 174180 186202 248248 179179 166168 174176 207209 172180 242244 166170 160160 119125 214220 280292 088088 105108 123123 110110 114118
MBB1371 , 174180 186210 250250 179185 158168 172174 207211 172180 242244 164170 160160 123125 226226 292292 088088 108112 123123 110112 114118
MBB1376 , 174180 206210 236250 179185 160166 174176 207209 172172 244244 166170 160160 123125 214222 290290 088088 108112 123123 110110 118118
MBB1379 , 174180 206210 242250 179179 158160 176182 199237 172180 244244 166170 154160 123127 220222 280288 088094 108112 123123 108110 118118
MBB1384 , 174180 198202 236250 179185 158160 176176 197205 172172 242244 166172 160160 119119 220220 286292 088094 108112 123123 108110 118118
MBB1388 , 174180 206210 236246 179185 158158 172176 197197 172180 244244 166172 160160 123125 214224 292294 088088 108112 123123 108110 118118
MBB1423 , 174180 202202 236250 179179 158158 172176 211213 172172 242244 162170 160160 125125 232244 288292 088094 112112 123123 110110 118120
MBB1441 , 174180 202206 236252 179179 158160 176186 209211 172172 242244 170176 160160 123123 234240 290292 088094 108112 123123 110110 114120
MBB1444 , 174180 198210 242250 179185 158158 174176 197197 172176 244244 172184 160160 123125 220224 290292 088094 112112 123123 108108 118120
MBB1446 , 174180 186206 250250 185185 158168 172176 207209 172180 244244 166176 154160 125125 214222 274280 088094 112112 123123 110112 118118
MBB1451 , 174180 198202 250250 179185 158158 176176 205213 172180 242244 166176 154160 119129 220220 288292 088088 112114 123123 110110 118120
MBB1456 , 174180 206206 250256 179185 158170 172172 207213 172180 244244 166170 160160 125127 214222 292292 088088 112112 123123 110110 118118
MBB1461 , 176180 186210 236242 179185 166170 172176 211237 172180 244244 164170 160160 123125 220222 288292 088088 108112 123123 110110 114120
MBB1463 , 174180 206210 250250 179185 158158 176176 197197 172180 244244 170172 160160 125125 214224 282292 088094 108112 123123 108110 114118
MBB1464 , 180180 206210 236256 179185 158160 174176 197213 172172 242244 166170 160160 123125 220222 292292 088094 112112 123123 108110 118118
MBB1466 , 174180 198202 250250 179179 158168 172174 207213 172180 242244 170190 160160 125125 216216 292292 088088 112114 123123 110110 114118
MBB1499 , 174180 202218 250250 179179 160166 176176 211211 176180 242244 172172 160160 123125 222222 292292 088088 112112 123123 110110 118118
MBB1505 , 176180 198214 242246 179179 158158 174176 197207 172172 244244 166170 160160 119119 220224 288290 088088 112112 123123 108110 114118
MBB1520 , 174180 202206 250256 185185 158168 176176 197209 172172 242244 166186 160160 127127 214220 288292 088094 108112 123123 108110 114118
MBB1521 , 174180 206206 250256 179179 158170 176176 197213 172180 242244 166170 160160 125125 222234 286288 088088 112112 123123 108110 114118
MBB1522 , 174180 206206 236242 179179 158166 176184 207211 172172 242244 164166 154160 123125 226234 280292 088094 108112 123123 108110 118118
MBB1524 , 174180 198214 236250 179179 158160 172180 207207 172172 244244 170172 160160 119125 214234 274286 088094 108112 123123 108110 118118
MBB1527 , 174180 186210 250258 179179 158160 172176 207211 172176 244244 166172 160160 119125 232234 286292 094094 108112 123123 108110 114118
Pop
MBB1163 , 174180 186206 236236 179185 168168 174176 207213 172180 242244 172176 160160 125129 212222 280292 088088 108112 123123 108110 114118
MBB1164 , 174180 206218 236250 179179 158170 176176 205211 172180 244244 170170 160160 125125 222222 274280 088088 108112 123123 108110 114118
MBB1182 , 174180 202210 250250 179179 158166 174182 207213 176176 242244 172172 154160 125127 216226 292294 088088 112112 123123 110110 118118
MBB1187 , 174180 202206 236258 185185 168170 174176 197213 172180 244244 166176 160160 119129 220222 280298 088088 108112 123123 110110 118120
MBB1270 , 174180 202214 242250 179179 158166 176176 197213 172172 244244 164166 160160 119125 220224 274292 088094 108112 123123 110110 118118
MBB1330 , 174180 202206 236250 179179 158166 172174 197209 172172 244244 166172 160160 123125 214220 290290 088088 108114 123123 110110 118118
MBB1333 , 174180 202210 236236 179185 168168 176176 197213 172172 244244 188190 160160 123125 220222 274288 088094 108112 123123 110110 114114
MBB1364 , 174180 206214 256256 179185 158168 174192 207211 172176 242244 166170 160160 125125 220234 274288 084088 108112 123123 108110 114120
MBB1374 , 174180 186198 246250 179185 158168 176176 211213 172176 242244 170176 160160 125125 222244 292296 088088 108112 123123 110110 114118
MBB1378 , 174180 186210 236250 179185 168168 172182 207211 172180 242244 168176 154160 119119 212220 274286 088094 108112 123123 108110 118118
MBB1382 , 176180 186198 242250 179185 152166 172174 209209 172176 244244 170170 160160 123125 220220 290292 084088 112112 123123 110110 114120
MBB1400 , 174180 202206 250256 179179 158160 172176 197207 172172 244244 164168 154160 127127 226234 274280 088088 108112 123123 110110 118118
MBB1402 , 174180 198206 236250 179185 158170 172176 207207 172180 242244 166170 160160 123129 224226 290292 088088 108108 123123 110110 114118
MBB1404 , 174180 202206 236258 179179 158168 176188 209237 172180 242244 172172 160160 125129 220222 274292 088088 108112 123123 110110 118118
MBB1408 , 174180 202206 236242 179179 158160 176182 199211 172180 242244 170172 160160 123127 220220 292294 088094 108114 123123 108110 118118
MBB1410 , 174180 202206 246250 179179 158168 180182 211213 172180 242244 172172 154160 125125 232240 280292 088094 108112 123123 108110 114118
MBB1411 , 174180 202206 242246 179179 158158 176176 209213 172180 242244 170170 160160 125125 214226 288292 088088 112112 123123 110110 118118
MBB1414 , 174180 202206 250250 179179 166168 174174 207211 172172 244244 172190 160160 125127 212222 292292 088094 108112 123123 110110 114120
MBB1415 , 174180 198206 236250 179179 158160 172180 207211 172172 244244 166170 160160 119125 222234 274292 088088 108112 123123 108110 114118
MBB1417 , 174180 206210 250250 179179 152158 172176 207211 172172 244244 164170 160160 125125 224238 280286 088094 112112 123123 110110 118120
MBB1420 , 174180 202202 242258 179179 158160 176176 211213 172180 244244 170172 160160 123125 220232 274292 088094 112112 123123 108108 118118
MBB1421 , 174180 206206 236242 179179 166168 176182 207207 176180 244244 170170 160160 125129 222234 286292 088088 112112 123123 110110 114118
MBB1428 , 174180 202214 250256 179179 168168 174176 199199 172172 244244 166170 160160 123123 234234 274292 088088 112112 123123 108110 120120
MBB1429 , 174180 202202 242258 179185 158160 176184 211213 172176 244244 170172 160160 123125 224232 274292 088094 112112 123123 108110 118118
MBB1443 , 174180 202214 246258 179179 158160 174184 197197 172172 244244 166172 160160 119125 216234 290290 088094 108112 123123 110110 118118
MBB1447 , 174180 202202 250256 179185 158160 174174 207213 172172 244244 172172 154160 119123 220222 274292 088088 112112 123123 108110 114118
MBB1448 , 176180 198214 236256 179179 158158 176182 197211 172172 242244 164164 160160 125125 216236 286292 088088 112112 123123 108110 114118
MBB1450 , 174180 198210 242256 179179 158168 174186 211213 172172 244244 164190 160160 125125 220220 274292 088088 108112 123123 108110 114114
MBB1457 , 174180 198214 250256 179185 158166 176176 197207 172172 244244 168170 160160 123123 220222 292294 088088 108112 123123 110110 118120
MBB1458 , 174180 202206 242250 179179 158168 176176 197211 172176 242244 164172 154160 123125 236238 290290 088088 112112 123123 110110 114118
MBB1472 , 174180 202206 236246 179185 158168 176176 207211 172172 244244 168170 154160 125125 224224 290296 088094 108112 123123 110110 114118
MBB1483 , 174180 202202 236256 179179 158158 176176 197197 172172 242244 166184 160160 125125 214238 292292 088088 108112 123123 110110 112118
MBB1494 , 174180 198210 242242 179185 158158 176176 197197 172172 244244 170190 160160 119125 220224 280290 088094 108112 123123 110110 118118
MBB1495 , 174180 206210 246250 179179 158160 172182 207213 172180 242244 164170 154160 119123 214220 274288 088088 112114 123123 108110 118118
MBB1502 , 174180 202210 248250 179179 158158 174176 207209 172180 244244 166166 160160 119125 214224 292292 088088 108112 123123 108108 118118
MBB1508 , 174180 202206 250250 179179 168168 172176 196209 172180 242244 166172 154160 119123 220220 280292 088094 112112 123123 108110 114118
MBB1511 , 174180 202206 250250 179179 168168 174176 197207 172180 242244 166170 160160 125127 220220 286292 088088 108112 123123 110110 118120
MBB1513 , 174180 202206 236242 179179 158168 172182 207207 180180 244244 166172 154160 119125 212220 280292 088088 112112 123123 110110 118118
MBB1529 , 174180 202202 250250 179179 158158 172186 197197 172172 242244 172176 160164 123125 222232 288292 088088 112112 123123 110110 114118
Pop
MBB1160 , 174180 198206 250250 179179 168168 172176 196209 172180 242244 166170 160160 123125 220220 280292 088088 112112 123123 110110 114118
MBB1165 , 174180 206206 236250 000000 158168 172176 207207 172180 242244 170172 154160 125129 224226 282292 088094 108112 123123 110110 114118
MBB1181 , 174180 202206 246250 179179 158168 176186 197209 172180 244244 166190 160160 125125 220236 274288 088088 108112 123123 110110 114118
MBB1183 , 174180 202206 236256 179185 158160 174182 207213 172176 242244 170172 160160 125125 220226 274288 088088 108112 123123 108110 118120
MBB1184 , 174180 186202 242256 179185 160166 176180 197211 172172 244244 168170 160160 125125 214238 292292 094094 108112 123123 110110 118118
MBB1185 , 174180 206210 242258 179179 158166 172186 207209 172180 244244 170170 160160 125127 222236 274274 088088 108112 123123 110110 114118
MBB1191 , 174180 206206 242252 179179 158166 172186 207209 172172 244244 170176 160160 125127 222236 280292 088088 108112 123123 108110 114118
MBB1192 , 174180 186210 236242 179179 158160 174176 211213 172172 244244 166176 160160 125125 220234 292294 088088 108112 123123 108110 120120
MBB1344 , 174180 202214 236236 185185 158160 176176 209211 172172 244244 168168 160160 125125 222244 286290 088094 108112 123123 110110 118118
MBB1346 , 174180 202202 236256 179185 168170 172174 207207 172172 244244 166172 160160 125125 212220 280288 088088 108112 123123 108110 118118
MBB1350 , 174180 202202 242242 179179 168170 174174 207211 172176 244244 166172 160160 123125 220232 274292 088088 108112 123123 108110 118120
MBB1351 , 174180 206210 250250 179179 166168 174176 211213 172172 242244 166172 160160 125127 220232 288292 088094 108112 123123 108112 118118
MBB1354 , 176180 186210 242242 179179 158168 172174 207213 172180 242244 176192 154160 125127 220234 286294 088088 108112 123123 110110 120120
MBB1362 , 174180 202202 242256 179179 158168 176184 209211 172176 244244 170172 160160 123125 214224 290292 088094 112112 123123 108108 118120
MBB1365 , 174180 210210 242256 179179 166168 176184 197213 176180 244244 164172 160160 125125 220220 292292 088088 108112 123123 110110 114114
MBB1366 , 174180 202210 236250 185185 158168 172176 209211 172172 244244 168170 160160 125129 220222 290290 088094 108112 123123 110110 118118
MBB1368 , 174180 206210 256256 179179 158158 172182 213213 172180 244244 170172 160160 123125 226244 288292 088088 108112 123123 110110 118118
MBB1370 , 174180 206210 242250 179185 158160 176182 197207 172176 244244 166176 160160 125129 220222 290292 088088 108112 123123 110110 118120
MBB1375 , 174180 202210 246250 179179 166168 176176 211213 172180 244244 164166 160160 125125 220222 292292 088094 108112 123123 110110 114114
MBB1387 , 174180 206206 242250 179179 158160 176182 199209 176180 244244 164166 154160 125127 216222 280280 088094 112112 123123 108110 118118
MBB1398 , 174180 198202 242250 179179 168168 176182 197209 172174 242244 172190 160160 125125 226236 292292 088088 112112 123123 110110 114120
MBB1406 , 174180 206210 242258 179179 158160 172174 207213 172172 242244 170170 154160 119125 214234 280286 088094 112112 123123 110110 118118
MBB1409 , 174180 198202 250250 179179 166166 176176 197211 180180 244244 166172 160160 123125 214222 282290 088088 108112 123123 110110 118120
MBB1413 , 174180 206218 236242 179185 158158 182184 211213 172172 242244 164170 154160 123123 226228 274290 088094 108112 123123 110110 118118
MBB1418 , 174180 186206 242250 179179 158166 176180 209211 172172 244244 170172 160160 123129 220232 292292 088088 108112 123123 108110 118118
MBB1430 , 174180 202202 250250 179179 168170 174182 207211 170174 242244 166190 154160 123125 220232 274292 088088 112112 123123 110110 118118
MBB1431 , 176180 202210 242250 179185 158158 180182 197211 170174 244244 166170 160160 123125 226234 280288 088094 108112 123123 108110 114120
MBB1432 , 174180 202206 250250 179185 158168 180182 211213 180180 242244 172184 154160 123127 232240 292292 088088 112112 123123 110110 114114
MBB1434 , 174180 198198 250250 179185 158160 172176 197209 172180 244244 170190 160160 125125 216220 292292 088088 112112 123123 110110 118118
MBB1435 , 174180 198202 250250 179179 158168 176176 197213 172180 244244 170172 160160 123125 214220 292298 088088 108112 123123 108110 118120
MBB1442 , 174180 206206 258258 179179 158168 172176 211213 172172 244244 164164 154154 125125 220220 286288 088088 108112 123123 108110 120120
MBB1445 , 174180 186198 242256 179179 152166 176182 197209 172172 244244 172176 160160 125129 214234 274292 088094 108112 123123 110112 114118
MBB1453 , 174180 202206 242246 179179 158168 176176 209213 172180 244244 170170 160160 123125 224226 288292 088088 108112 123123 110110 118118
MBB1459 , 174180 202210 250250 185185 158168 174176 205207 172172 244244 170188 160160 119123 220232 286292 088088 112112 123123 110110 114118
MBB1460 , 174180 206206 250250 179179 158168 176176 197213 172180 242244 166170 160160 125125 214220 292292 088088 108112 123123 110110 118120
MBB1465 , 174180 202206 250256 179179 158168 172174 207213 172172 244244 172172 160160 119125 220222 292298 088088 108112 123123 110110 114118
MBB1467 , 176180 202206 236246 179179 158160 176180 207207 172172 242244 166170 160160 119119 220224 288290 088088 112112 123123 108110 114118
MBB1471 , 180180 186210 236256 179179 160166 182184 197211 172176 242244 168172 154160 125127 220220 292292 088094 112112 123123 110110 118120
MBB1476 , 174180 206210 242250 179179 158160 174176 207213 172172 244244 170170 160160 119125 214234 280292 088088 112112 123123 110110 118118
MBB1477 , 176180 202202 250256 179185 158166 176176 197199 176176 242244 172172 160160 119123 220224 290292 088088 112112 123123 108110 118118
MBB1479 , 174180 206210 242250 179185 158168 174176 205207 172172 244244 170188 160160 123125 220232 286298 088088 112112 123123 110110 114118
MBB1480 , 174180 202206 256256 179185 158168 172176 199209 172172 242244 170178 154160 123125 220234 274292 088094 112112 123123 110110 118120
MBB1484 , 176180 202206 236250 179185 158168 174176 197209 172172 242244 170170 154160 123125 234234 290292 088088 108112 123123 110110 118118
MBB1489 , 174180 202202 236236 179179 158168 176176 197211 176180 242244 166184 160160 123125 214220 288292 088088 108112 123123 110110 112118
MBB1491 , 174180 186206 236242 179185 160166 176182 207213 172176 244244 170172 160160 123129 222232 286292 088088 112112 123123 110110 118118
MBB1501 , 174180 202206 236258 179179 158168 176176 197213 172180 244244 164172 160160 125125 220236 286290 088088 112114 123123 110110 114120
MBB1509 , 174180 186206 236242 179185 168168 176180 209213 172172 242244 166170 160160 125127 220232 274292 088088 108112 123123 110110 118118
MBB1510 , 174180 202210 236250 179185 158158 176176 205213 172180 242244 176178 154160 125125 220234 292296 088094 112112 123123 110110 118120
MBB1517 , 174180 210210 236236 179179 158158 172176 207211 172180 244244 166170 160160 119125 214220 292292 088094 112114 123123 110110 118118
MBB1518 , 176180 206210 236246 179179 158160 172182 213213 172180 242244 164170 154160 119123 220228 274288 088088 108112 123123 110110 118118
MBB1519 , 174180 206206 236250 179185 158168 176176 211211 180180 242244 166172 160160 119125 220224 274292 088088 108112 123123 108110 118118
MBB1523 , 174180 206218 236236 179179 158160 176176 197207 172172 244244 178188 160160 125125 222222 274292 088094 108112 123123 110110 118120
MBB1528 , 174180 198202 242250 179179 158168 172174 209213 172176 244244 170190 160160 123123 212220 292294 088094 108112 123123 110110 114118
MBB1530 , 174180 198206 256258 179185 158166 172174 211213 172172 244244 166190 160160 123125 220220 274282 088088 108112 123123 108110 114118
